Evaluated RSLVQ(gradient_descent='Adadelta') high dim
Time: 1.0443628311157227+-0.00991135293672259
Acc: 0.665632816408204+-0.011891230635038346
Kappa: 0.27379126086424327+-0.03615065115637065

Evaluated RSLVQ(gradient_descent='Adadelta') low dim
Time: 1.0770837306976317+-0.016396517175893112
Acc: 0.6446223111555778+-0.003445557850469755
Kappa: 0.24151200869773595+-0.02413799034644399

